160
4 28 0 1 2
4 35 3 4 5
4 93 6 7 8
4 97 9 10 11
4 190 12 13 14
4 196 15 16 17
4 197 18 19 20
4 252 21 22 23
4 286 24 25 26
4 333 27 29 30
4 369 31 32 33
4 420 34 36 37
4 423 38 39 40
4 441 41 42 43
4 47 46 44 45
4 165 48 49 50
4 300 60 51 52
4 326 56 53 54
4 482 55 57 58
4 256 64 59 61
4 279 71 62 63
4 299 69 65 66
4 306 73 67 68
4 315 72 70 74
4 322 86 75 76
4 330 154 77 78
4 421 104 79 80
4 454 141 81 82
4 189 108 83 84
4 212 182 85 87
4 334 156 88 89
4 352 358 90 91
4 414 113 92 94
4 492 162 95 96
4 120 219 98 99
4 158 213 100 101
4 170 177 105 102
4 266 301 103 106
4 319 329 107 109
4 337 350 110 111
4 410 298 112 114
4 443 240 115 116
4 462 166 133 117
4 484 175 119 118
4 495 486 121 122
4 155 292 123 124
4 210 261 126 125
4 221 225 188 127
4 234 264 139 128
4 310 463 132 129
4 371 193 192 130
4 376 452 131 134
4 434 203 185 135
4 448 159 186 136
4 451 360 143 137
4 475 218 181 138
4 147 187 148 149
4 199 277 472 140
4 208 236 214 142
4 231 396 217 144
3 249 201 259
3 258 273 145
3 271 405 163
3 288 385 278
3 311 320 251
3 324 356 235
3 367 242 152
3 387 230 289
3 409 268 164
3 419 498 412
3 430 455 391
3 433 283 200
3 439 445 180
3 473 302 160
3 499 328 394
3 263 422 237
3 276 353 388
3 294 351 449
3 336 345 442
3 348 384 204
3 362 424 467
3 364 153 207
3 375 429 247
3 392 397 267
3 399 407 400
3 403 444 274
3 427 226 282
3 431 474 284
3 437 459 245
3 438 254 401
3 447 280 468
3 497 172 285
3 151 195 295
3 174 269 307
3 198 304 332
3 233 339 347
3 244 341 359
3 325 365 372
3 361 373 395
3 363 377 411
3 378 379 157
3 390 453 490
3 425 150 161
3 432 460 168
3 446 167 169
3 450 173 176
3 461 171 178
3 494 179 183
3 146 184 191
3 194 202 206
3 205 209 215
3 211 216 222
3 220 223 224
3 227 228 229
3 232 238 239
3 241 243 246
3 248 250 253
3 255 257 260
3 262 265 270
3 272 275 287
2 281 290
2 291 293
2 296 297
2 303 305
2 308 309
2 312 313
2 314 316
2 317 321
2 318 323
2 327 331
2 335 338
2 340 342
2 343 344
2 346 349
2 354 355
2 357 366
2 368 370
2 374 380
2 381 383
2 382 386
2 389 393
2 398 402
2 404 406
2 408 413
2 415 416
2 417 418
2 426 428
2 435 436
2 440 456
2 457 458
2 464 465
2 466 469
2 470 471
2 476 477
2 478 479
2 480 481
2 483 485
2 487 488
2 489 491
2 493 496