1628
4 5357 5121 8148 6404
4 421 5913 2589 6255
4 5583 8785 6584 3629
4 9906 3987 7710 5231
4 1737 7529 4386 2094
4 5796 9487 1756 2584
4 6735 8197 8754 998
4 2395 2861 59 6312
4 6655 7923 8873 7569
4 7704 7444 6632 5515
4 9612 7262 8452 2489
4 7796 5905 398 8407
4 820 604 1248 6459
4 1729 9004 8603 7064
4 7549 9354 5886 8437
4 4848 8733 8189 6839
4 9529 4449 4233 3626
4 9213 4318 5744 1287
4 1524 8479 4574 9483
4 4100 9620 7108 3904
4 6823 5416 2545 9383
4 6476 1396 847 4041
4 4004 9131 5427 4644
4 3697 973 7792 9247
4 370 2061 4631 9618
4 3015 2155 4863 453
4 6668 7168 44 2687
4 3135 1492 2843 2222
4 2752 5363 5570 2117
4 8284 461 7100 8004
4 1561 3505 4036 1385
4 8775 8287 3295 2932
4 9765 3273 1423 7936
4 6640 3715 5918 2345
4 8854 5616 4695 9813
4 8591 3420 666 2096
4 6639 674 2598 6762
4 1556 5090 2331 5592
4 2935 1677 9959 5989
4 5251 3825 1114 8119
4 1081 5001 6756 8384
4 4147 8689 6196 948
4 1388 864 9888 7525
4 9818 6613 4473 3942
4 683 4106 5526 8911
4 8320 5083 3149 8240
4 4194 5052 936 7819
4 5211 8585 132 2819
4 9128 2968 7577 3484
4 7369 4670 2459 8777
4 7515 876 8814 8837
4 2246 7863 110 752
4 962 2723 7939 7950
4 7368 2728 3656 8991
4 9256 8636 3457 281
4 8392 4808 1101 3176
4 7208 7101 2212 7290
4 371 684 9614 5791
4 2196 9267 8641 2064
4 63 2499 6240 6170
4 5602 7259 3678 4916
4 714 1013 5651 5042
4 2475 9019 2548 4090
4 9894 839 1004 3024
4 7834 4405 3765 1491
4 5048 1071 7198 1233
4 7945 4961 5945 2124
4 1115 7937 3302 6677
4 9965 3272 3647 7135
4 4685 384 3795 7927
4 4579 8152 1707 9986
4 2141 6782 9295 854
4 7104 2070 7201 7540
4 1734 5101 4702 7961
4 2008 2080 1214 5653
4 5773 336 8058 1341
4 6495 4430 2558 1164
4 2115 49 6702 7757
4 4957 4917 7595 8063
4 5046 4788 443 7896
4 2922 6176 818 7409
4 5214 6381 4964 6107
4 8639 3499 7202 976
4 7825 4886 1146 7313
4 1830 3463 4509 1353
4 9307 9568 5295 4983
4 82 3096 3047 5772
4 3792 8612 2727 5713
4 3607 3293 8338 1210
4 3940 6252 5982 4135
4 4874 3896 636 887
4 2228 8608 8485 2274
4 9305 4240 7136 4406
4 2964 5310 3228 3566
4 3309 71 1851 1988
4 4322 6550 7305 1203
4 6168 8322 4940 5625
4 7543 4925 9866 6935
4 7516 9433 8745 1671
4 9129 9795 5219 2456
4 7551 7 47 4131
4 1955 7145 1812 4185
4 9527 1322 5383 8116
4 3437 4141 3114 4637
4 7579 8465 594 9
4 1450 7326 3042 8851
4 9552 1094 5873 7359
4 4167 3142 5494 766
4 2259 1742 4235 2481
4 1713 9539 7583 4655
4 7231 1934 3686 3844
4 5006 2686 9690 8803
4 5652 532 4561 1050
4 2962 3072 6129 4657
4 4074 1895 62 4475
4 7715 8553 723 954
4 9525 2759 7447 7083
4 9263 9235 8387 3357
4 727 2293 9532 2982
4 4847 4112 3196 6957
4 4102 9917 8250 213
4 4374 7088 7308 8332
4 2736 7196 859 1946
4 8736 9196 3337 2342
4 3519 1591 2652 8010
4 7032 8375 4619 2045
4 7648 4320 6611 2726
4 9946 4076 9063 1418
4 5163 1724 9106 4912
4 6547 5777 8193 8767
4 6882 3689 3775 2749
4 2060 2340 4638 850
4 5904 7725 3170 1568
4 6178 992 2085 9576
4 4402 3155 2642 4490
4 5172 3672 5686 5729
4 9119 8644 586 4995
4 2544 9966 6534 2828
4 1433 9747 4139 5931
4 1621 6558 3648 7494
4 120 201 3542 5156
4 3757 8478 1763 6571
4 8626 9344 6038 3781
4 6913 3257 7643 774
4 7451 6567 7851 676
4 8601 2628 8138 7814
4 4550 7464 4244 2862
4 7148 403 8397 3593
4 3889 9542 8997 2323
4 7545 3475 8186 9275
4 328 2870 6134 2300
4 4150 2308 2036 8267
4 9302 18 9151 2814
4 2795 8865 3376 1383
4 3112 4058 7862 2213
4 6537 6927 9559 7316
4 9713 7079 4480 58
4 4959 8187 3708 2305
4 6467 8233 9528 5081
4 4390 3451 5366 8115
4 4044 3840 3869 2123
4 8242 9900 446 7166
4 8259 8849 8101 6147
4 1711 8506 5845 6171
4 5609 7703 8286 3583
4 7445 2160 778 1160
4 3842 5540 1552 9873
4 7673 11 9605 654
4 8616 1049 4837 9243
4 8079 2243 3950 5324
4 9320 1839 1936 3526
4 2267 5096 333 3126
4 8094 6359 6777 7267
4 245 6123 1509 4284
4 1136 7944 9374 7726
4 2313 6050 8167 9921
4 8430 5359 7385 3253
4 2023 5854 7008 2985
4 3913 2282 8367 9289
4 9514 373 6580 7953
4 5136 8509 4902 3106
4 687 6300 5209 7522
4 2944 1767 3745 8036
4 4551 7466 1231 1427
4 2920 2535 9784 5919
4 706 2817 5665 2674
4 4498 6842 3632 2203
4 1845 8348 3618 9732
4 3899 7922 6989 177
4 6481 9722 9340 7756
4 65 9942 2572 8563
4 6060 9856 6985 1996
4 2718 9283 3083 8721
4 4690 7026 4965 8697
4 5600 7700 7050 8834
4 8701 1359 5622 7212
4 463 3002 8026 7920
4 593 4516 9111 9691
4 2994 4151 6638 2941
4 8346 1096 780 8047
4 6582 6313 4951 3229
4 1357 1372 522 1085
4 1817 9778 6329 717
4 9649 3356 7209 4352
4 2619 8253 2364 9366
4 9252 1336 3368 6363
4 745 2009 6316 67
4 2571 2112 2647 565
4 3485 8839 1861 3089
4 4137 9443 5962 103
4 2802 2351 251 3443
4 4582 9779 6426 7629
4 709 6602 8199 5492
4 4351 5891 9123 8477
4 6477 9365 1202 5793
4 9751 6 645 8751
4 5909 2905 257 8947
4 8811 171 6994 6415
4 7119 7330 2536 9325
4 9154 3379 1976 3496
4 1340 4259 7981 9546
4 9124 214 2095 5593
4 7671 1787 5544 6666
4 8614 9806 188 4134
4 332 1510 4293 877
4 4884 60 750 8200
4 9585 1701 3308 5239
4 1344 4357 6914 4477
4 2162 3214 9629 9930
4 7489 7911 9968 2957
4 3062 9363 5733 8779
4 1001 8923 5330 7613
4 1820 1717 8163 5244
4 4557 9974 3750 5332
4 4867 8529 7391 321
4 8501 4222 1740 8835
4 5149 1505 5518 9511
4 1975 2776 8003 7057
4 5236 5991 296 1800
4 6956 6297 6188 9166
4 7934 7439 7344 9962
4 4711 1249 4977 2245
4 6342 4727 4696 7153
4 1351 1564 2575 3730
4 8651 8658 924 1883
4 9545 9426 8431 1522
4 1364 4717 5529 5488
4 7677 7415 5028 5131
4 4331 1965 1747 5758
4 8040 4572 8915 3579
4 3120 8990 6738 3473
4 5970 7210 9419 8168
4 791 7699 5074 902
4 7647 1743 3655 1714
4 2509 2043 8579 6616
4 4161 9550 9341 7824
4 4415 1061 55 5728
4 5808 2573 7972 9250
4 8449 9271 6273 7524
4 5683 767 6419 7250
4 5835 8056 8866 264
4 96 6627 3087 5155
4 2265 1673 8418 4870
4 6042 9397 797 407
4 301 3834 9626 1948
4 9569 3845 8470 4600
4 631 385 3306 1523
4 1200 6144 4367 6742
4 2952 3223 1636 2089
4 3830 5720 8607 3167
4 8548 5553 3905 8625
4 197 2809 6410 9853
4 773 1508 9797 7436
4 1178 2055 8487 9048
4 1889 3870 8659 3673
4 9566 6336 6226 4079
4 6309 6377 8132 8702
4 9572 3137 6384 5610
4 3978 4043 9718 6058
4 4960 7567 8183 7302
4 1476 1810 5864 2612
4 5375 7155 3271 1228
4 6192 7748 4524 9952
4 730 4649 278 5308
4 3557 3001 8671 875
4 1998 2486 9265 8707
4 3791 8940 283 9746
4 4200 2353 6198 1483
4 4861 3944 2000 3857
4 6769 9689 1912 6578
4 6028 9078 3367 6010
4 6747 5170 5476 8442
4 9843 3 915 8297
4 1429 6662 8677 3885
4 7253 8172 1853 7103
4 9871 432 7118 836
4 85 3997 7412 4607
4 2912 1140 5207 1040
4 7443 4179 884 9695
4 8204 8453 8670 3508
4 9507 1720 2927 5203
4 263 3278 6981 6146
4 1587 6012 3028 8683
4 4527 3022 6110 4883
4 4532 4469 995 464
4 4706 5849 7618 6483
4 7880 5803 4038 3375
4 9755 6320 3728 1378
4 7095 7603 2585 4474
4 513 634 6498 7617
4 7696 1821 1681 8929
4 7978 1253 3037 559
4 1224 6370 1708 137
4 6757 6444 2877 3518
4 7319 7861 8722 8895
4 8964 4565 3736 4871
4 1037 1542 3561 1526
4 4617 3877 9908 8932
4 7296 3362 5174 1154
4 1073 9359 2627 1116
4 4307 1684 3248 5197
4 8750 1923 7536 3511
4 1117 1152 9464 2488
4 2939 5785 7759 8328
4 4786 1484 3892 2798
4 8692 4521 6367 1571
4 2937 9599 916 9197
4 4439 8524 5902 7041
4 520 5278 7678 3107
4 4361 8956 2592 5462
4 7870 8637 3853 7178
4 4292 4975 6296 1361
4 8874 3544 5547 7823
4 9880 8466 7463 6605
4 5823 9769 3055 9907
4 1261 6656 8516 9961
4 1833 970 5705 3516
4 5341 1712 5941 17
4 5839 1726 6231 9425
4 9849 172 2600 4668
4 56 2185 6577 9350
4 174 7215 7130 10
4 2566 4946 529 1570
4 6220 5441 208 3050
4 6965 5548 8527 688
4 5378 9984 145 297
4 5998 6389 7255 8363
4 6938 5250 1487 760
4 846 2368 7624 1430
4 5503 1234 912 844
4 7238 3769 4663 6856
4 4604 1122 8714 738
4 6715 7363 7740 9895
4 9014 4731 5325 1197
4 451 525 3969 6526
4 1765 3746 5446 1601
4 2106 5563 1827 2716
4 5151 556 2165 3540
4 8931 923 6205 5017
4 9092 1963 2295 6540
4 3134 6752 5118 9168
4 5271 6583 9182 2407
4 5649 5579 139 164
4 2766 7218 117 5899
4 6266 926 6364 9597
4 7778 9161 8059 9214
4 9741 2221 4093 9121
4 3104 7149 5574 1648
4 6133 6396 2649 4990
4 8239 4491 8081 7152
4 2007 8673 4230 5013
4 3258 1589 7558 7499
4 7518 3674 9450 2484
4 8833 8044 5007 2127
4 5948 628 3691 6052
4 8161 5627 2309 6451
4 211 2804 4126 2836
4 4627 8824 6149 5056
4 7839 9390 8617 642
4 8650 87 2590 2848
4 9246 9594 6623 9135
4 480 7983 2555 3276
4 2879 7204 5875 6215
4 7346 8293 8247 8198
4 7692 1015 9719 7151
4 1010 6680 8305 7954
4 1825 9490 7278 6036
4 3029 3932 6102 5879
4 6721 2125 1876 3480
4 7318 3608 1847 931
4 656 2811 9471 8653
4 3828 3973 1856 9580
4 6157 1866 28 597
4 6645 9588 6703 5824
4 7752 8609 9286 1943
4 178 206 2872 4555
4 289 3239 4859 8606
4 900 1735 3677 6350
4 6731 2516 3692 9776
4 9414 1620 4671 6193
4 4650 5513 2538 7375
4 5487 6256 9852 1393
4 1159 1464 2697 8434
4 8652 6685 1056 6206
4 590 5981 2226 1632
4 1311 9499 7888 9276
4 4170 5815 1819 8134
4 8578 3891 5061 8258
4 9382 1129 6152 6053
4 3527 1260 3092 6531
4 3808 1205 2190 4496
4 4522 3132 2999 3895
4 4573 5559 307 834
4 4792 6984 142 1877
4 5058 1994 7475 9241
4 6111 7764 151 5094
4 124 4054 589 4725
4 2732 1874 9407 53
4 6443 8537 4933 9637
4 6741 8468 1718 9714
4 7105 8684 3573 4865
4 7875 6228 8342 7777
4 9238 7734 1704 7884
4 236 4611 1888 8967
4 290 7542 2020 3839
4 1562 1642 253 1884
4 2705 4055 4857 4997
4 9799 4091 5371 4661
4 2091 4814 3297 4875
4 2428 9165 5418 5710
4 3980 4636 6306 7361
4 7413 9675 6676 7610
4 7512 9748 3924 1445
4 4442 4774 7219 9602
4 9326 7993 8907 2241
4 9730 2490 4592 4989
4 4692 6628 6932 2854
4 6651 8035 2461 6849
4 8032 2765 540 9530
4 9761 9864 1440 6557
4 4703 7659 3912 2887
4 5644 7286 9016 1282
4 6155 4066 4716 4363
4 7406 1837 9376 4381
4 362 735 7090 5794
4 648 4926 7662 9976
4 3558 5044 898 4904
4 5235 4506 6827 9896
4 5517 5035 2400 4559
4 2254 3654 3945 3802
4 2565 6326 8176 5916
4 4187 4656 4771 4089
4 7526 7841 1595 1598
4 8123 3553 7733 1467
4 9523 1023 6365 7594
4 3531 3498 2457 2081
4 5020 4064 1406 1339
4 5671 8241 9922 8432
4 6733 2806 5474 6380
4 7003 7382 3567 5389
4 7074 4410 9650 6076
4 8423 2006 534 2320
4 6366 5530 5205 6976
4 6794 8597 1332 1471
4 358 3422 1533 8333
4 4773 147 6436 5336
4 6289 7037 210 33
4 6673 3906 622 7356
4 1723 404 6800 9220
4 4412 9988 5355 1422
4 7374 2783 2375 4720
4 7432 4879 3760 3323
4 7683 8861 6361 5178
4 9368 5898 4495 7914
4 9453 689 3704 6490
4 960 6988 489 7943
4 9456 146 1584 2907
4 9848 6778 9468 5457
4 6857 9879 4011 3244
4 8019 4375 5551 6514
4 909 3718 2398 4478
4 1609 7426 9361 6528
4 5489 8715 3145 8889
4 7821 4639 2462 1930
4 8376 4766 5869 7249
4 8938 2389 2401 7534
4 2381 1021 4452 9072
4 5086 396 2260 5633
4 7419 737 7785 2874
4 7768 8153 3582 7310
4 7818 8898 7592 9043
4 8648 3914 8894 9726
4 3617 6784 9192 8823
4 5856 6340 7175 7530
4 7230 3882 3983 6870
4 8043 8150 9684 39
4 9561 3595 6585 1822
4 1529 835 2191 3153
4 6016 3299 2129 5776
4 8845 3559 6208 7770
4 9703 4953 150 7990
4 1512 198 7917 3352
4 1922 5467 5085 8425
4 4026 3966 5920 4057
4 5901 9631 3188 8299
4 8954 1952 8325 5255
4 635 9122 4202 5522
4 3371 5380 7454 711
4 5461 8746 9143 9971
4 5865 6466 804 3985
4 6202 1090 7010 4704
4 7013 3749 8712 6724
4 8679 4823 6834 3129
4 9222 4467 9429 9221
4 1886 5832 7956 947
4 4907 32 5724 2134
4 7116 512 9062 149
4 359 5556 9802 6421
4 3075 5531 45 1507
4 3339 7480 678 5615
4 6649 9549 4124 7596
4 7966 8238 6184 8682
4 9667 3428 2924 1256
4 3136 3811 6700 7220
4 3564 9606 5756 9828
4 7689 9734 2277 5908
4 9091 3011 1100 4208
4 9183 4016 2707 6243
4 1347 6574 7221 2343
4 1761 4640 2148 300
4 4887 5896 0 170
4 7809 3322 2167 9868
4 8519 7186 3991 4514
4 6705 7731 8196 2024
4 6873 7876 313 9573
4 7970 471 3020 6160
4 8276 3694 8263 849
4 9173 1382 5277 5954
4 3641 5451 5164 5939
4 4465 611 2467 6203
4 5047 8632 5566 3121
4 5584 6446 2198 2278
4 6264 7964 6637 4659
4 6811 3724 6248 8562
4 9096 9459 6015 7984
4 8264 2672 8517 1174
4 1047 1908 8027 9891
4 2495 2983 5657 4340
4 4335 6681 9752 6726
4 4708 8908 6522 6596
4 4949 5166 6553 1044
4 6659 9978 7424 6903
4 8752 1157 7975 1199
4 6942 7386 541 4992
4 8133 3818 8801 2875
4 9299 3681 6648 5240
4 9583 1179 9328 5449
4 9987 9996 1181 1106
4 1569 8711 3203 3127
4 2367 2337 433 1593
4 4215 7425 5947 7384
4 5040 5362 6719 1668
4 5860 1411 3412 3031
4 9068 3226 5721 562
4 9210 7727 9633 4052
4 708 4511 5763 9038
4 6017 1381 7509 2296
4 6112 5836 9721 8828
4 2062 3894 1616 5730
4 3517 6022 4286 6478
4 4790 5173 204 5536
4 7521 9836 6246 8696
4 8143 8222 2506 1751
4 514 355 8864 6492
4 825 8210 8160 5813
4 1840 7500 4419 2025
4 2702 4456 889 1400
4 3563 8413 4958 608
4 2601 2120 4206 5157
4 5496 6351 465 3004
4 7555 968 9486 8336
4 8202 6713 8667 8863
4 1768 6280 2329 7877
4 3105 8810 2954 4188
4 4359 6275 8139 4742
3 70 5872 1535
3 1012 2159 8919
3 1409 240 8031
3 2437 234 1843
3 3330 6864 2033
3 3596 8876 9028
3 4092 8006 955
3 5198 7751 5368
3 6051 4943 9935
3 8977 1321 4858
3 9920 919 3809
3 9995 4228 2578
3 530 9198 1062
3 3235 270 4000
3 3657 131 4046
3 3972 7633 4801
3 6263 2746 7924
3 6960 430 978
3 9269 5751 5606
3 9418 1640 8215
3 431 5082 9768
3 456 7729 9716
3 3311 8454 2604
3 3926 7614 6576
3 7397 8089 6097
3 9187 2661 500
3 9519 3939 620
3 9600 1750 2786
3 97 6008 5986
3 372 439 2949
3 1330 7995 2072
3 1939 1036 1259
3 2193 6964 7407
3 2762 9699 4798
3 5208 9201 9332
3 6698 6161 9767
3 8137 1980 3956
3 9446 8401 2694
3 136 4534 673
3 1744 2632 7663
3 2977 6003 4942
3 4301 6890 37
3 4796 9431 2514
3 5191 8447 3212
3 6761 9656 2102
3 7170 2713 9584
3 9086 885 4221
3 9538 1519 2595
3 1475 5482 9413
3 1796 2772 6835
3 3590 956 3370
3 5245 183 1649
3 6565 7991 9398
3 6824 6844 3344
3 7457 8822 8383
3 8180 3060 4104
3 9944 1961 8435
3 24 2399 6463
3 1318 2074 3280
3 6137 6352 6121
3 8252 1279 4238
3 8326 1694 5752
3 8568 86 9855
3 2207 2891 5732
3 3793 4777 9083
3 4387 4635 5666
3 4502 6887 3364
3 6197 7800 6450
3 6809 8859 1983
3 7674 2881 4783
3 7881 9075 5994
3 7895 2953 4839
3 8037 1546 7471
3 457 458 4358
3 2297 3822 7724
3 6302 7461 7554
3 7586 602 9009
3 9036 6963 8314
3 487 3543 7812
3 756 4595 335
3 1538 5897 4596
3 1755 7362 2210
3 4248 2608 5168
3 4400 6959 2903
3 6972 7320 3951
3 7357 4434 9047
3 7410 6915 1536
3 8815 2596 4399
3 8900 8093 392
3 2144 3141 3875
3 2149 9137 462
3 3052 8353 4116
3 5024 6311 2785
3 6471 4339 2741
3 7094 9094 2028
3 7206 3347 6353
3 7387 801 9215
3 8766 1371 9578
3 8930 9035 9564
3 221 3021 4504
3 2610 6506 7078
3 2956 40 4069
3 6332 2837 9838
3 8486 1161 2859
3 9114 2892 1688
3 1678 5233 5628
3 3651 5066 6818
3 3789 6448 739
3 4994 802 4736
3 6127 7850 9659
3 6925 4877 3887
3 7602 6175 2412
3 7889 2059 840
3 31 9709 725
3 168 6148 8663
3 1453 502 7632
3 2469 5181 2683
3 4982 842 1009
3 6232 9820 511
3 1426 2307 7557
3 1778 6229 5125
3 2685 7959 4688
3 4097 6328 8028
3 4291 5106 393
3 6944 9394 639
3 7694 8438 8576
3 7859 78 9651
3 8543 325 644
3 8737 3318 613
3 9993 2101 6699
3 152 615 343
3 402 3012 4488
3 1220 1959 1043
3 2169 3841 6473
3 4549 5128 8022
3 5817 9540 5959
3 6725 9595 4567
3 7960 1869 2950
3 8426 9015 7971
3 9223 8804 7395
3 9678 5719 7423
3 229 34 4689
3 4787 5631 9489
3 5558 4099 3743
3 7742 4031 5676
3 68 5422 2388
3 793 1377 3123
3 848 5190 8097
3 5882 1165 6034
3 7803 8643 3555
3 8256 3679 413
3 8950 9227 1080
3 726 953 6952
3 1807 2242 6746
3 1979 4826 5850
3 2472 7631 2215
3 3903 7314 5881
3 4855 9957 7697
3 4880 579 6005
3 6315 7532 7994
3 8903 252 13
3 20 1167 7132
3 305 1892 3698
3 467 5443 4811
3 640 6452 4969
3 1270 2002 5731
3 3515 76 3509
3 4723 2304 6225
3 7430 7581 9475
3 9887 153 2164
3 9892 1590 1502
3 477 4298 7176
3 860 2137 57
3 2669 5212 8629
3 3396 8571 3665
3 4047 6922 5863
3 5951 5950 6674
3 6357 9274 8398
3 7666 2929 4750
3 346 4173 7826
3 740 4078 8212
3 3621 6046 193
3 4267 293 649
3 4451 6563 6095
3 6189 414 3233
3 6291 6479 5161
3 7496 1586 937
3 9280 2232 2358
3 395 2527 4245
3 1369 1549 3246
3 1953 2898 2432
3 2019 7713 3146
3 2629 3581 7951
3 4155 4279 7036
3 4246 4922 568
3 4554 4679 1416
3 5146 3902 949
3 5829 9337 8456
3 7906 9524 4311
3 83 8206 2533
3 1276 3449 8821
3 2799 4662 3261
3 3761 5346 8986
3 4249 554 5895
3 5026 6740 3161
3 6104 1650 9830
3 6210 7024 7252
3 6544 868 1504
3 7565 7804 1194
3 9065 9157 2529
3 1084 1286 2751
3 2531 2634 9526
3 2824 4747 5200
3 3482 6244 23
3 3504 3838 4030
3 4314 7194 2668
3 9234 5387 8675
3 9313 3748 7197
3 16 1793 3773
3 444 4653 7813
3 1516 4537 4856
3 3263 8498 6664
3 3431 6270 7743
3 3806 5714 3332
3 6630 1032 1514
3 7236 1250 1532
3 7653 9294 1118
3 8229 9105 4328
3 9543 6258 9692
3 982 1527 4501
3 1031 4176 9488
3 2047 2303 9333
3 3174 3911 4767
3 3930 6294 7018
3 4398 5401 8277
3 5672 7963 9810
3 7490 9458 8440
3 8965 1201 4841
3 9496 675 9635
3 1296 4623 1891
3 1452 2442 4578
3 1986 4001 6920
3 3316 6245 2712
3 4892 6828 1618
3 4914 7150 9958
3 5237 8201 6494
3 6612 2264 3880
3 7559 2671 1606
3 8355 8642 9251
3 8952 499 6693
3 9551 1027 8289
3 9680 3824 6569
3 2143 5059 3099
3 2422 3513 6744
3 3125 5373 5834
3 4713 6822 8727
3 4935 5175 4605
3 5199 5980 4898
3 6430 8729 9085
3 6510 225 6962
3 6852 8179 9022
3 8654 9260 3407
3 9711 365 5769
3 459 4447 8067
3 858 4164 7622
3 3747 5641 4775
3 4144 8177 9002
3 5043 8918 8981
3 6093 9149 8235
3 7761 2328 7237
3 9858 3570 7418
3 30 4095 9655
3 115 4407 1806
3 3147 7957 8593
3 5097 7828 2335
3 5400 6604 2402
3 8808 1058 4562
3 8897 6118 6846
3 9272 185 1898
3 123 3274 8567
3 1951 3547 7600
3 6130 8382 9624
3 6600 1865 2046
3 7849 9181 6766
3 9611 9985 94
3 576 1110 7721
3 1132 8978 5831
3 1669 4558 5471
3 1978 4482 2220
3 2235 2570 7190
3 2946 4156 1639
3 3355 6126 5077
3 5098 6398 6323
3 6002 6727 7868
3 6590 2466 6851
3 7048 4325 4546
3 8108 8756 6899
3 8472 4840 3587
3 9073 4694 6472
3 2205 6669 7127
3 2240 7085 6993
3 4197 5442 9927
3 6078 6090 7315
3 7247 7665 5505
3 7273 896 8388
3 7616 7899 1835
3 8340 8806 473
3 8393 2333 2591
3 8753 9771 1271
3 1288 2582 9338
3 1754 3615 3883
3 3078 4804 9859
3 4489 6304 2105
3 5019 6223 8572
3 5041 5944 6711
3 5812 6524 7634
3 7329 8372 8734
3 7693 8129 1848
3 7805 9613 516
3 9745 160 2730
3 899 2911 1849
3 1266 5323 101
3 1774 4564 6774
3 2216 22 1137
3 2294 7460 1192
3 3506 143 3324
3 8640 419 7815
3 1212 3878 1086
3 1313 3884 5189
3 2234 2549 4172
3 3265 5140 4746
3 3664 5621 5800
3 5460 6697 9013
3 5613 6560 6990
3 5702 6739 2754
3 6356 7275 2136
3 6671 9877 3281
3 8573 9603 9948
3 9003 1653 8021
3 2199 4308 417
3 2237 6803 3439
3 3038 4312 8994
3 3933 7123 2781
3 5276 7491 4255
3 7121 9134 8996
3 558 753 2453
3 906 1699 9029
3 2390 5134 6063
3 2793 3402 5171
3 3097 3578 6064
3 3849 5397 3782
3 4217 7686 7931
3 5268 6581 9679
3 8773 550 1488
3 9261 1127 2417
3 9744 5426 9008
3 381 1480 4136
3 796 1170 1093
3 1461 3873 4918
3 1656 2268 4196
3 2016 2852 5598
3 2289 5523 9194
3 4394 4599 6595
3 4818 6023 8411
3 5234 5903 9844
3 6035 6414 7510
3 6636 6831 2951
3 8084 159 2621
3 8716 6520 9901
3 9230 472 3491
3 219 2406 2444
3 828 8049 8166
3 1172 1624 4678
3 1783 3888 5253
3 2775 3131 3381
3 3817 5246 6261
3 4613 4630 133
3 6096 6132 7400
3 7117 7786 8793
3 7233 8759 1814
3 8316 8464 3300
3 8789 9759 279
3 217 1627 4094
3 845 893 2068
3 1404 2731 6373
3 1665 3334 8633
3 1867 1985 2334
3 3262 3965 4910
3 3442 6529 5770
3 3783 5736 6432
3 6227 6953 2711
3 6517 8618 218
3 7309 7684 1221
3 7788 1801 5972
3 7903 8539 3401
3 8987 1208 2281
3 610 1781 2750
3 1836 2987 5917
3 2065 3312 3744
3 2554 3584 669
3 3721 4088 4932
3 4193 5577 9535
3 4479 4487 5313
3 5391 5398 1904
3 5586 9502 3862
3 5966 6180 7371
3 7501 8165 7969
3 7925 9534 3445
3 9575 990 1899
3 401 3927 4894
3 651 2722 1646
3 1184 5104 6417
3 3539 5064 6586
3 5132 7388 1716
3 5370 545 3076
3 6812 7898 2376
3 7110 7675 9660
3 7980 9200 3124
3 8665 1638 7065
3 89 3085 8694
3 934 2184 2326
3 1292 3947 7502
3 2464 2947 4538
3 3216 4428 7289
3 3411 5594 9754
3 3929 4529 827
3 4544 5599 771
3 4981 7672 9882
3 5481 8638 3017
3 7695 144 977
3 9770 163 292
3 9846 1928 3424
3 9941 1130 3521
3 249 1935 2560
3 757 5345 6405
3 1299 1683 207
3 2087 2173 7907
3 3807 6259 8842
3 4628 6770 8584
3 4669 5511 7043
3 7664 7902 8525
3 8015 9156 304
3 8268 9209 2567
3 8934 930 2022
3 9356 2480 6805
3 894 1120 1469
3 1138 1870 4833
3 2050 6973 7096
3 2057 3115 4163
3 2463 2835 3580
3 2990 5122 9670
3 6068 6409 6958
3 6307 6497 4553
3 7177 8732 241
3 7608 9140 316
3 7744 1331 5429
3 9089 199 5804
3 157 691 6331
3 288 4842 7553
3 618 1209 7014
3 2011 4882 8709
3 3313 3610 3941
3 4149 7223 7274
3 4646 728 865
3 7134 7962 2179
3 8273 8776 7216
3 8853 9860 2564
3 9785 3353 7640
3 287 643 2227
3 356 3893 5725
3 3178 4948 5514
3 3186 3541 4337
3 4392 5192 6897
3 6301 6541 1227
3 6425 7163 7544
3 7642 8298 8409
3 7878 8886 9152
3 8068 9225 2418
3 8502 9491 1971
3 9179 862 1574
3 108 616 4226
3 819 1958 4355
3 1277 1652 4789
3 1841 4468 5254
3 2288 2805 5329
3 3006 4714 5206
3 3753 5060 5718
3 5182 5578 5663
3 5550 6513 7019
3 6213 8870 1809
3 6387 6904 9367
3 7229 9647 9710
3 7298 7546 1495
3 7795 186 2563
3 8534 8645 867
3 9100 9863 2163
3 9406 733 3425
3 425 784 3536
3 2239 4508 4598
3 2841 4143 5848
3 3438 3798 5424
3 4634 5658 7948
3 5534 5612 9553
3 5741 6796 347
3 5825 6087 8141
3 5952 7087 800
3 6629 8310 8941
3 6814 9172 9617
3 8740 769 1376
3 9232 9329 348
3 9870 1563 3712
3 9885 378 1479
3 226 1700 5958
3 1615 1661 2318
3 2201 2435 3209
3 2344 4693 4791
3 2577 2689 6620
3 3208 5573 6484
3 3812 5510 7091
3 5611 8564 9570
3 5771 9423 9590
3 7349 9582 789
3 7556 128 1099
3 9158 383 719
3 189 2152 4290
3 1403 4403 415
3 1685 3917 4518
3 4726 6748 7365
3 4906 6125 7441
3 4986 7333 7799
3 6253 8309 9314
3 7434 8103 9876
3 8321 9555 441
3 8771 9346 1235
3 9862 958 1949
3 349 1196 4709
3 633 1494 3213
3 1131 1788 4211
3 1909 2451 2586
2 2012 5183
2 2470 4939
2 5294 5316
2 5409 6917
2 6692 7758
2 6701 7140
2 7060 7580
2 7459 7541
2 7835 8493
2 7946 8086
2 8064 9954
2 8347 863
2 9205 703
2 9819 203
2 291 361
2 831 1188
2 1119 1180
2 1230 1284
2 1679 1799
2 1868 2878
2 1993 2382
2 2356 2550
2 3327 3784
2 3859 5343
2 3860 4996
2 3949 5148
2 5379 8686
2 6279 6456
2 6457 8080
2 8282 8960
2 8379 9737
2 9323 4
2 280 693
2 388 405
2 509 782
2 935 1335
2 1105 2384
2 1323 1611
2 1732 1818
2 2035 2483
2 2498 4621
2 3247 3821
2 5410 6843
2 5694 7507
2 5779 8406
2 7479 7669
2 7807 7965
2 8412 227
2 8726 9372
2 8875 1046
2 9999 200
2 258 1111
2 268 2324
2 922 1074
2 1133 2378
2 1135 2789
2 2579 3394
2 3787 4254
2 4330 4344
2 4632 4633
2 4664 4675
2 4734 4950
2 5051 5833
2 5699 6085
2 6233 7307
2 6407 8970
2 7251 318
2 7753 8784
2 8410 8985
2 8955 9102
2 9663 662
2 9807 376
2 811 983
2 1029 1553
2 1987 2086
2 2311 2373
2 2386 2405
2 2541 2942
2 3292 4107
2 3386 3639
2 3389 3922
2 4461 4979
2 5356 6500
2 5844 5977
2 6635 7791
2 6983 8523
2 7667 8461
2 8791 9636
2 9604 342
2 9701 9724
2 9742 173
2 491 741
2 794 2030
2 2410 2508
2 2676 2715
2 3199 3385
2 3827 4425
2 4371 7322
2 5005 5177
2 5327 6158
2 6371 6434
2 7092 7399
2 8164 8602
2 8374 8491
2 8731 9162
2 9148 9186
2 9533 9557
2 9632 621
2 9644 9717
2 409 872
2 1534 1918
2 1992 2883
2 2825 3008
2 3756 3819
2 3866 4220
2 4273 4369
2 4810 5413
2 5187 5266
2 5885 6242
2 6254 6420
2 6647 7627
2 7340 7820
2 7706 7992
2 8136 8872
2 8725 821
2 9342 9773
2 69 917
2 148 984
2 195 1206
2 1045 1329
2 1063 1415
2 1439 2934
2 1554 1705
2 1897 1969
2 2747 3225
2 3267 3799
2 3794 3935
2 4323 4978
2 4435 4651
2 5073 5210
2 5399 5643
2 5957 6678
2 7069 8857
2 7228 7636
2 7712 7832
2 9282 312
2 9609 435
2 9977 483
2 437 605
2 508 652
2 901 1610
2 1731 2172
2 2166 2427
2 2503 3058
2 2803 2873
2 2884 3144
2 3227 3466
2 3474 4237
2 3620 4260
2 4032 4103
2 4214 4356
2 4535 5045
2 4807 5167
2 5265 5361
2 5470 7165
2 5840 5853
2 5883 6234
2 5979 6480
2 6174 6499
2 7033 7243
2 7093 7393
2 7264 7938
2 7276 7736
2 7408 8613
2 7547 9963
2 8728 8879
2 8758 194
2 9159 9327
2 9362 1654
2 179 2330
2 987 2425
2 1305 2996
2 2500 3636
2 4224 5350
2 4372 4758
2 4822 4860
2 5340 5745
2 5508 6077
2 6654 6841
2 6675 6901
2 7097 7172
2 7416 7588
2 7793 8142
2 7915 8395
2 8507 8535
2 8570 8778
2 8770 9070
2 8780 9011
2 9775 9787
2 9822 111
2 118 184
2 192 209
2 303 1142
2 596 2170
2 2206 3476
2 2556 3082
2 2769 3530
2 3879 4891
2 3984 4732
2 4577 6853
2 4890 4972
2 6187 7059
2 7427 7789
2 7639 8144
2 8117 8311
2 8786 9749
2 8877 9380
2 9415 729
2 478 482
2 1614 1728
2 1831 2520
2 3044 3189
2 3777 4175
2 4285 4376
2 5067 7086
2 5107 5557
2 5279 6128
2 6141 7098
2 7561 7856
2 7578 7883
2 7942 8038
2 8114 8961
2 8224 8405
2 8361 8417
2 8975 9264
2 9218 9571
2 9421 9931
2 121 274
2 230 908
2 1485 1695
2 1517 2512
2 1972 2771
2 2485 2808
2 2812 4523
2 2974 3716
2 3493 3717
2 3727 4952
2 4724 5747
2 5696 6614
2 5906 5993
2 5983 6902
2 6156 6308
2 6411 7075
2 7590 7741
2 8061 8244
2 8135 9556
2 8272 9436
2 156 1350
2 781 1496
2 1625 3685
2 2039 2098
2 4232 4470
2 4699 4899
2 5483 6177
2 5504 6682
2 6559 7077
2 6720 6833
2 6937 7045
2 7187 7483
2 7606 7847
2 8002 8462
2 8009 256
2 8075 8530
2 9031 9793
2 61 311
2 424 507
2 574 833
2 1177 1226
2 1283 1937
2 1749 2110
2 2271 2272
2 2532 2602
2 2827 3635
2 4063 4098
2 4333 4845
2 5213 5304
2 5533 5727
2 5617 5870
2 6265 6429
2 6428 6545
2 6607 7730
2 7017 7864
2 8011 8045
2 8110 8561
2 8220 8542
2 8500 9736
2 8698 8797
2 8880 81
2 9126 428
2 682 866
2 795 1006
2 1171 1326
2 1501 1513
2 1634 1753
2 1696 1917
2 1804 1984
2 2231 2298
2 2447 3023
2 2657 4297
2 3053 3059
2 3108 3690
2 3307 4427
2 4440 5158
2 4588 4876
2 4913 5023
2 4966 4980
2 5260 5262
2 5377 5382
2 5783 5938
2 6026 7248
2 6971 7404
2 7068 8494
2 7337 7533
2 7550 8556
2 8159 8635
2 8868 9301
2 9357 9686
2 9457 406
2 9498 803
2 538 1166
2 903 1622
2 959 1703
2 1789 2252
2 3268 3993
2 3469 5480
2 4262 4305
2 5008 5754
2 5907 6551
2 6075 6293
2 6539 6998
2 7022 7138
2 7030 7292
2 7139 7367
2 7682 7711
2 7830 7833
2 7929 8190
2 8441 8473
2 8850 8924
2 9007 9296
2 9521 9910
2 9932 182
2 1275 1762
2 1307 2583
2 1932 2357
2 2310 2393
2 2673 3266
2 2900 3361
2 3205 4591
2 3534 3846
2 4770 5472
2 5585 5910
2 5632 6021
2 6098 6237
2 6257 8555
2 6412 6617
2 7067 7584
2 7453 7514
2 8592 8968
2 9823 658
2 603 668
2 1149 1191
2 1824 2138
2 2645 3286
2 3154 3416
2 3705 4060
2 3854 3963
2 4019 4048
2 4283 4453
2 4793 4893
2 4830 4923
2 4843 5693
2 4851 5010
2 5281 5900
2 5926 6848
2 6393 6519
2 6533 6799
2 6859 7102
2 7129 7688
2 7281 9042
2 7523 9577
2 9044 9698
2 9548 25
2 224 275
2 341 452
2 698 1190
2 921 1612
2 1770 1878
2 2026 2385
2 2546 2664
2 2899 3382
2 2928 2961
2 3169 3810
2 3591 3994
2 3611 3803
2 4236 4911
2 4571 5100
2 5430 6222
2 5640 6040
2 6454 6643
2 6961 7574
2 7000 8001
2 7071 7985
2 7658 9297
2 8085 8541
2 9189 9411
2 9311 27
2 9861 238
2 9914 54
2 319 468
2 526 582
2 659 746
2 886 972
2 1302 2153
2 1775 2656
2 2280 2662
2 2709 3454
2 3523 3619
2 3696 4009
2 3719 3990
2 4691 5809
2 5538 5838
2 5828 6119
2 6031 6185
2 6195 6334
2 6290 7852
2 6509 6592
2 6862 6923
2 7782 7890
2 8000 8231
2 8334 9146
2 8554 9059
2 9101 9229
2 9204 9270
2 9554 180
2 9972 412
2 999 1134
2 1316 1777
2 1667 1873
2 2038 2980
2 2525 3156
2 3413 3754
2 4209 4821
2 4525 5386
2 5549 5635
2 6199 6516
2 6283 6391
2 6491 6772
2 6850 7504
2 7011 8109
2 7261 7488
2 8034 9024
2 8118 9825
2 9720 379
2 9933 422
2 573 1087
2 1237 1725
2 1308 2010
2 1880 2154
2 2758 3645
2 3383 3843
2 4034 4252
2 4132 4520
2 4174 4556
2 4581 4987
2 4705 5257
2 5014 5227
2 5697 5778
2 5859 6163
2 5949 6792
2 7222 8098
2 8318 8546
2 8344 8508
2 8757 9336
2 9150 9400
2 154 533
2 360 583
2 911 1290
2 986 1374
2 1401 1664
2 1915 1964
2 2431 2733
2 2706 2858
2 3201 3628
2 3340 3643
2 3546 4062
2 3788 4438
2 4976 5049
2 5029 5108
2 5153 5342
2 5406 5466
2 5527 5539
2 5619 5820
2 6631 7005
2 7042 7822